-4.276729559748474685e+00
-3.371069182389939556e+01
4.779874213836450281e+00
1.157232704402511558e+01
4.779874213836450281e+00
-1.106918238993713999e+01
2.742138364779870585e+01
-1.106918238993713999e+01
1.157232704402511558e+01
1.006289308176093300e+00
-8.050314465408803244e+00
1.459119496855345233e+01
-1.484276729559749697e+01
7.798742138364758603e+00
-8.050314465408803244e+00
1.459119496855345233e+01
-8.050314465408803244e+00
1.006289308176093300e+00
2.540880503144654767e+01
9.559748427672957405e+00
-1.308176100628929817e+01
2.767295597484292102e+00
-1.308176100628929817e+01
1.861635220125788237e+01
-1.987421383647796347e+01
-1.308176100628929817e+01
2.767295597484292102e+00
1.761006289308170381e+01
2.666666666666662877e+01
-1.182389937106921707e+01
-5.031446540880494922e+00
-5.031446540880494922e+00
1.081761006289309535e+01
-1.861635220125788237e+01
-1.861635220125788237e+01
4.025157232704373200e+00
-2.767295597484121572e+00
1.081761006289320903e+01
-2.767295597484121572e+00
1.081761006289320903e+01
1.987421383647813400e+01
1.081761006289320903e+01
-4.125786163522002425e+01
-2.540880503144637714e+01
1.987421383647813400e+01
3.270440251572335910e+01
2.364779874213854782e+01
-5.786163522012429894e+00
-1.257861635220115204e+01
2.364779874213854782e+01
1.006289308176292252e+00
-4.427672955974833258e+01
-3.522012578616340761e+01
1.685534591194982568e+01
3.522012578616340761e+01
4.201257861635212976e+01
-1.685534591194982568e+01
5.786163522012429894e+00
1.257861635220115204e+01
1.937106918238987419e+01
-5.534591194968572836e+01
-5.534591194968572836e+01
1.257861635220115204e+01
