4.276729559748474685e+00
3.371069182389939556e+01
-4.779874213836450281e+00
-1.157232704402511558e+01
-4.779874213836450281e+00
1.106918238993713999e+01
-2.742138364779870585e+01
1.106918238993713999e+01
-1.157232704402511558e+01
1.006289308176093300e+00
-8.050314465408803244e+00
1.459119496855345233e+01
-1.484276729559749697e+01
7.798742138364758603e+00
-8.050314465408803244e+00
1.459119496855345233e+01
-8.050314465408803244e+00
1.006289308176093300e+00
2.440251572327042595e+01
1.761006289308173223e+01
-2.767295597484277891e+01
1.761006289308176065e+01
-2.088050314465408519e+01
2.666666666666665719e+01
-3.446540880503144422e+01
-5.031446540880523344e+00
1.761006289308170381e+00
-7.798742138364815446e+00
1.710691823899369979e+01
1.257861635220109520e+00
-7.798742138364758603e+00
8.050314465408831666e+00
-7.798742138364758603e+00
1.257861635220109520e+00
-5.534591194968555783e+00
1.257861635220109520e+00
-2.037735849056599591e+01
-1.584905660377359027e+01
9.056603773584924966e+00
1.584905660377353342e+01
2.490566037735845839e+01
-5.684341886080801487e-14
-2.264150943396231241e+01
-6.792452830188665303e+00
1.584905660377359027e+01
3.547169811320748067e+01
1.283018867924533879e+01
-3.018867924528308322e+00
-2.339622641509436107e+01
3.773584905660413824e+00
-9.811320754716916781e+00
-3.018867924528308322e+00
-9.811320754717030468e+00
-3.018867924528308322e+00
2.515723270440304304e+00
1.836477987421383773e+01
-1.106918238993713999e+01
1.836477987421383773e+01
-1.106918238993713999e+01
1.836477987421383773e+01
-1.106918238993713999e+01
-2.012578616352206495e+01
-4.276729559748417842e+00
