6.250000000000000000e+01
6.250000000000000000e+01
1.200000000000000000e+01
1.200000000000000000e+01
6.900000000000000000e+01
6.900000000000000000e+01
1.750000000000000000e+01
1.750000000000000000e+01
4.500000000000000000e+00
4.500000000000000000e+00
8.500000000000000000e+00
8.500000000000000000e+00
1.750000000000000000e+01
1.750000000000000000e+01
2.200000000000000000e+01
2.200000000000000000e+01
7.500000000000000000e+00
7.500000000000000000e+00
2.200000000000000000e+01
2.200000000000000000e+01
7.000000000000000000e+00
7.000000000000000000e+00
2.500000000000000000e+00
2.500000000000000000e+00
2.800000000000000000e+01
2.800000000000000000e+01
3.450000000000000000e+01
3.450000000000000000e+01
5.000000000000000000e-01
5.000000000000000000e-01
1.350000000000000000e+01
1.350000000000000000e+01
1.650000000000000000e+01
1.650000000000000000e+01
2.950000000000000000e+01
2.950000000000000000e+01
2.100000000000000000e+01
2.100000000000000000e+01
0.000000000000000000e+00
0.000000000000000000e+00
