-1.386666666666656056e+00
2.373333333333249584e+00
-9.866666666666503716e-01
-4.129999999999995453e+00
4.129999999999995453e+00
-1.107999999999998408e+01
1.107999999999992724e+01
-7.629999999999995453e+00
7.629999999999881766e+00
-8.679999999999949978e+00
8.679999999999949978e+00
-5.979999999999904503e+00
5.980000000000018190e+00
2.669999999999959073e+00
-2.669999999999959073e+00
-1.102999999999985903e+01
1.102999999999997272e+01
-4.430000000000063665e+00
4.430000000000063665e+00
-1.252999999999997272e+01
1.252999999999997272e+01
-2.250000000000028422e+00
2.250000000000056843e+00
-9.199999999999988631e+00
9.199999999999988631e+00
-5.750000000000000000e+00
5.750000000000000000e+00
-6.800000000000011369e+00
6.800000000000011369e+00
-4.100000000000022737e+00
4.100000000000022737e+00
4.549999999999840838e+00
-4.549999999999954525e+00
-9.149999999999977263e+00
9.149999999999977263e+00
-2.550000000000068212e+00
2.550000000000181899e+00
-1.064999999999997726e+01
1.065000000000009095e+01
-5.999999999999090505e-01
6.000000000001364242e-01
-8.970000000000027285e+00
8.970000000000027285e+00
-6.949999999999960210e+00
6.949999999999960210e+00
-3.499999999999943157e+00
3.499999999999943157e+00
-4.549999999999954525e+00
4.549999999999954525e+00
-1.849999999999965894e+00
1.849999999999965894e+00
6.799999999999954525e+00
-6.799999999999954525e+00
-6.899999999999977263e+00
6.899999999999863576e+00
-3.000000000000682121e-01
3.000000000000682121e-01
-8.399999999999977263e+00
8.399999999999977263e+00
1.649999999999977263e+00
-1.649999999999977263e+00
-6.720000000000027285e+00
6.720000000000027285e+00
3.180000000000063665e+00
-3.180000000000063665e+00
3.450000000000017053e+00
-3.450000000000017053e+00
2.400000000000005684e+00
-2.400000000000005684e+00
5.099999999999965894e+00
-5.100000000000022737e+00
1.374999999999994316e+01
-1.374999999999988631e+01
5.000000000001136868e-02
-5.000000000006821210e-02
6.649999999999863576e+00
-6.649999999999863576e+00
-1.450000000000045475e+00
1.450000000000045475e+00
8.599999999999909051e+00
-8.599999999999909051e+00
2.299999999999045031e-01
-2.299999999999045031e-01
1.012999999999999545e+01
-1.012999999999999545e+01
-1.050000000000011369e+00
1.050000000000011369e+00
1.649999999999977263e+00
-1.649999999999977263e+00
1.029999999999989768e+01
-1.029999999999989768e+01
-3.399999999999977263e+00
3.399999999999977263e+00
3.199999999999874944e+00
-3.199999999999874944e+00
-4.899999999999977263e+00
4.900000000000090949e+00
5.149999999999977263e+00
-5.149999999999863576e+00
-3.220000000000140972e+00
3.220000000000027285e+00
6.679999999999949978e+00
-6.680000000000063665e+00
2.699999999999988631e+00
-2.699999999999988631e+00
1.134999999999990905e+01
-1.134999999999990905e+01
-2.349999999999965894e+00
2.349999999999965894e+00
4.249999999999886313e+00
-4.249999999999886313e+00
-3.850000000000022737e+00
3.850000000000022737e+00
6.199999999999931788e+00
-6.199999999999931788e+00
-2.170000000000072760e+00
2.170000000000072760e+00
7.730000000000018190e+00
-7.730000000000018190e+00
8.649999999999920419e+00
-8.649999999999920419e+00
-5.049999999999954525e+00
5.049999999999954525e+00
1.549999999999897682e+00
-1.549999999999897682e+00
-6.550000000000011369e+00
6.550000000000011369e+00
3.499999999999886313e+00
-3.500000000000000000e+00
-4.870000000000004547e+00
4.870000000000118234e+00
5.030000000000086402e+00
-5.029999999999972715e+00
-1.369999999999987494e+01
1.369999999999987494e+01
-7.100000000000022737e+00
7.100000000000022737e+00
-1.519999999999993179e+01
1.519999999999993179e+01
-5.149999999999977263e+00
5.149999999999977263e+00
-1.351999999999998181e+01
1.351999999999998181e+01
-3.619999999999890861e+00
3.619999999999890861e+00
6.599999999999852207e+00
-6.599999999999852207e+00
-1.500000000000056843e+00
1.500000000000056843e+00
8.549999999999897682e+00
-8.549999999999897682e+00
1.799999999998931344e-01
-1.799999999998931344e-01
1.008000000000004093e+01
-1.007999999999992724e+01
-8.099999999999909051e+00
8.099999999999909051e+00
1.950000000000045475e+00
-1.950000000000045475e+00
-6.419999999999959073e+00
6.419999999999959073e+00
3.480000000000131877e+00
-3.480000000000131877e+00
1.004999999999995453e+01
-1.004999999999995453e+01
1.158000000000004093e+01
-1.158000000000004093e+01
-8.370000000000004547e+00
8.370000000000004547e+00
1.530000000000086402e+00
-1.530000000000086402e+00
9.900000000000090949e+00
-9.900000000000090949e+00
