-1.825833333333321207e+00
-1.352583333333330984e+01
-4.325833333333292785e+00
1.287416666666669585e+01
-5.125833333333360997e+00
-6.125833333333360997e+00
1.077416666666672995e+01
-1.772583333333327005e+01
-1.625833333333247310e+00
2.597416666666677543e+01
1.934166666666584433e+00
6.434166666666584433e+00
-9.025833333333224573e+00
-1.492583333333331552e+01
2.674166666666593528e+00
8.074166666666684478e+00
-8.425833333333315522e+00
-2.882583333333317910e+01
2.087416666666663900e+01
-3.525833333333224573e+00
1.374166666666866377e+00
2.207416666666668448e+01
-1.425833333333315522e+00
3.374166666666411629e+00
-1.476090909090913783e+01
-1.726090909090913783e+01
-8.860909090909160568e+00
7.339090909090828063e+00
6.239090909090862169e+00
-2.326090909090913783e+01
9.739090909090975856e+00
8.839090909090998593e+00
8.990909090908303369e-01
3.299909090909085307e+01
-6.500909090909146926e+00
-7.900909090909237875e+00
-5.760909090909137831e+00
-6.260909090909137831e+00
-5.160909090909228780e+00
-2.016090909090900141e+01
1.303909090909081669e+01
-3.176090909090891046e+01
2.283909090909099859e+01
1.913909090909095312e+01
5.390909090910440682e-01
2.603909090909058932e+01
-1.173809523809529765e+01
2.961904761904690986e+00
1.036190476190466825e+01
-3.038095238095252171e+00
-3.038095238095309014e+00
-1.753809523809519533e+01
2.806190476190482741e+01
-9.478095238095249897e+00
2.372190476190468189e+01
-7.780952380952044223e-01
1.042190476190461368e+01
-2.407809523809538632e+01
1.656190476190471372e+01
-3.893809523809528628e+01
-3.238095238095240802e+00
-3.138095238095331752e+00
-9.438095238095058903e+00
-9.838095238095149853e+00
2.106190476190494110e+01
1.756190476190471372e+01
3.561904761904713723e+00
-1.818800000000010186e+01
-2.148800000000017008e+01
2.811999999999898137e+00
-9.488000000000170076e+00
5.511999999999943611e+00
3.611999999999966349e+00
1.257199999999988904e+01
1.617199999999991178e+01
-7.228000000000065484e+00
1.897199999999986630e+01
-2.928000000000224645e+00
1.071999999999775355e+00
-1.328800000000012460e+01
-3.418799999999998818e+01
1.661199999999973898e+01
-2.278799999999989723e+01
1.531200000000001182e+01
-8.787999999999897227e+00
2.231200000000001182e+01
2.341199999999969350e+01
1.509473684210547617e+00
-2.790526315789520595e+00
-6.990526315789452383e+00
-4.290526315789406908e+00
2.330947368421061583e+01
-1.523052631578946148e+01
3.486947368421056126e+01
-1.813052631578932505e+01
9.169473684210515785e+00
2.269473684210538522e+00
1.886947368421044757e+01
-3.213052631578955243e+01
-1.189052631578931596e+01
-1.769052631578949786e+01
-6.390526315789315959e+00
-1.390526315789315959e+00
1.300947368421077499e+01
-1.089052631578931596e+01
2.480947368421050214e+01
-2.247666666666668789e+01
-9.876666666666665151e+00
2.023333333333425799e+00
1.732333333333338032e+01
8.283333333333303017e+00
1.088333333333332575e+01
4.383333333333439441e+00
2.083333333333371229e+00
-3.716666666666696983e+00
2.788333333333332575e+01
-1.051666666666676520e+01
-2.691666666666662877e+01
8.423333333333289374e+00
-3.687666666666643778e+01
1.882333333333338032e+01
1.233333333335622228e-01
1.472333333333347127e+01
-4.576666666666710626e+00
-3.961176470588156917e+00
-1.986117647058813418e+01
1.963882352941197951e+01
-1.701176470588166012e+00
3.039882352941185673e+01
-2.360117647058802959e+01
2.059882352941190220e+01
-1.480117647058807506e+01
1.789882352941185673e+01
-5.501176470588120537e+00
-9.301176470588075063e+00
-1.060117647058825696e+01
-1.476117647058788407e+01
-1.566117647058797502e+01
1.633882352941202498e+01
-2.161176470587975018e+00
1.703882352941184308e+01
-1.168124999999997726e+01
-1.148124999999993179e+01
3.978749999999990905e+00
2.377874999999994543e+01
-7.212499999999408828e-01
-4.021250000000009095e+00
7.078750000000013642e+00
1.017875000000003638e+01
-1.212125000000003183e+01
-9.212499999998726707e-01
1.037874999999985448e+01
-3.042124999999987267e+01
9.818750000000136424e+00
-1.478124999999977263e+01
1.741875000000004547e+01
3.518749999999954525e+00
-2.116000000000008185e+01
6.640000000000100044e+00
2.659999999999990905e+01
-1.020000000000004547e+01
1.599999999999977263e+01
-2.040000000000009095e+01
2.920000000000004547e+01
-2.270000000000004547e+01
-1.039999999999986358e+01
1.589999999999986358e+01
-1.229999999999995453e+01
-8.700000000000045475e+00
7.840000000000145519e+00
-1.655999999999994543e+01
2.023999999999978172e+01
-1.128285714285743779e+01
-7.522857142857446888e+00
-3.022857142857446888e+00
1.087714285714241669e+01
3.977142857142325738e+00
6.077142857142462162e+00
6.771428571425985865e-01
-1.662285714285735594e+01
1.077714285714250764e+01
-2.422857142857310464e+00
1.377714285714250764e+01
-6.322857142857401413e+00
1.041714285714260768e+01
-9.382857142857574217e+00
2.503076923077060201e+00
1.076307692307705111e+01
9.363076923076960156e+00
-9.836923076923085318e+00
2.176307692307682373e+01
-3.113692307692303984e+01
-1.936923076922994369e+00
-4.136923076923039844e+00
-1.623692307692272152e+01
1.496307692307709658e+01
7.463076923077096581e+00
-1.243692307692299437e+01
8.903076923076923777e+00
-1.002499999999986358e+01
-1.722499999999968168e+01
-1.024999999999863576e+00
1.827500000000009095e+01
-5.125000000000000000e+00
-2.342499999999972715e+01
2.087500000000000000e+01
-2.082499999999959073e+01
1.147500000000036380e+01
1.897500000000036380e+01
1.167500000000018190e+01
-3.625000000000000000e+00
8.154545454545541361e+00
-4.945454545454367690e+00
1.665454545454554136e+01
-1.904545454545450411e+01
-7.845454545454231265e+00
-1.104545454545450411e+01
-6.245454545454322215e+00
-3.545454545454276740e+00
5.054545454545859684e+00
1.275454545454567779e+01
1.005454545454540494e+01
-1.816000000000008185e+01
-1.366000000000008185e+01
-8.560000000000172804e+00
-9.660000000000081855e+00
1.663999999999987267e+01
-2.605999999999994543e+01
2.313999999999987267e+01
2.140000000000100044e+00
1.094000000000005457e+01
2.323999999999978172e+01
-5.022222222222353594e+00
4.877777777777737356e+00
-1.042222222222221717e+01
3.577777777777555457e+00
-9.622222222222035271e+00
-7.922222222222217169e+00
1.757777777777778283e+01
-3.222222222222171695e+00
1.017777777777769188e+01
-1.583750000000009095e+01
-2.243750000000000000e+01
1.196249999999986358e+01
-1.353749999999990905e+01
1.766250000000013642e+01
-4.337499999999863576e+00
2.136249999999995453e+01
5.162499999999909051e+00
3.885714285714129801e+00
-2.311428571428564283e+01
-1.311428571428564283e+01
5.785714285714220750e+00
1.328571428571444812e+01
-8.514285714285733775e+00
2.178571428571399338e+01
-2.615000000000009095e+01
-3.450000000000045475e+00
1.145000000000004547e+01
6.650000000000090949e+00
1.435000000000013642e+01
-2.850000000000136424e+00
-2.062000000000034561e+01
-2.232000000000016371e+01
1.327999999999974534e+01
8.679999999999836291e+00
2.097999999999956344e+01
-8.450000000000272848e+00
-5.250000000000000000e+00
6.849999999999909051e+00
6.849999999999909051e+00
-2.156666666666615129e+01
2.333333333333939663e+00
1.923333333333357587e+01
-2.000000000002728484e-01
1.999999999998181011e-01
-2.599999999999909051e+00
2.599999999999909051e+00
-1.037636363636363512e+01
1.602363636363634214e+01
-1.427636363636366923e+01
1.422363636363627393e+01
-1.637636363636363512e+01
1.623636363636364877e+00
-1.187636363636352144e+01
1.682363636363641035e+01
7.783636363636333044e+00
2.488363636363624209e+01
-2.721636363636366696e+01
8.023636363636342139e+00
-3.097636363636365786e+01
2.512363636363625119e+01
-2.447636363636365786e+01
-6.376363636363521437e+00
-1.167636363636370334e+01
-1.476363636363430487e+00
1.852363636363634214e+01
-2.763636363633850124e-01
2.062363636363625119e+01
1.723636363636160240e+00
3.479999999999989768e+00
-8.819999999999964757e+00
2.067999999999997840e+01
-2.682000000000002160e+01
1.967999999999997840e+01
-9.919999999999930651e+00
-8.820000000000021600e+00
6.180000000000092086e+00
1.878000000000000114e+01
-1.786000000000009891e+01
2.328000000000000114e+01
-3.331999999999990791e+01
1.737999999999991019e+01
-1.571999999999999886e+01
2.278000000000000114e+01
-3.221999999999999886e+01
2.380000000000137561e+00
1.747999999999981924e+01
-2.201999999999972601e+01
2.237999999999991019e+01
-1.319999999999907914e+00
-1.120000000000089813e+00
3.479999999999819238e+00
