4.545454545454544970e+00
1.545454545454544970e+00
-1.345454545454545503e+01
-9.454545454545455030e+00
4.545454545454544970e+00
7.545454545454544970e+00
-3.454545454545455030e+00
-7.454545454545455030e+00
1.454545454545454497e+01
-8.454545454545455030e+00
9.545454545454544970e+00
-2.666666666666657193e+00
-6.666666666666657193e+00
nan
nan
nan
2.033333333333334281e+01
-1.666666666666657193e+00
-1.566666666666665719e+01
nan
6.333333333333342807e+00
nan
nan
nan
nan
nan
nan
nan
nan
0.000000000000000000e+00
nan
nan
nan
1.281818181818181301e+01
3.818181818181813014e+00
1.981818181818181301e+01
3.818181818181813014e+00
-1.181818181818186986e+00
-6.181818181818186986e+00
-1.918181818181818699e+01
2.281818181818181301e+01
-8.181818181818186986e+00
-2.318181818181818699e+01
-5.181818181818186986e+00
1.666666666666668561e+01
nan
4.066666666666668561e+01
nan
nan
-3.333333333333143855e-01
2.666666666666685614e+00
-4.233333333333331439e+01
nan
-1.733333333333331439e+01
nan
1.090909090909087809e+01
-2.809090909090912191e+01
9.909090909090878085e+00
2.390909090909087809e+01
1.590909090909087809e+01
6.909090909090878085e+00
-2.090909090909121915e+00
-4.709090909090912191e+01
3.909090909090878085e+00
-8.090909090909121915e+00
1.390909090909087809e+01
1.844444444444445708e+01
-3.955555555555554292e+01
-2.555555555555542924e+00
1.044444444444445708e+01
-2.255555555555554292e+01
3.244444444444445708e+01
nan
-8.555555555555542924e+00
nan
9.444444444444457076e+00
2.444444444444457076e+00
nan
4.500000000000000000e+01
2.100000000000000000e+01
nan
nan
nan
-1.800000000000000000e+01
6.000000000000000000e+00
-4.600000000000000000e+01
-8.000000000000000000e+00
nan
-6.412500000000000000e+01
nan
-3.212500000000000000e+01
nan
nan
6.987500000000000000e+01
9.875000000000000000e+00
-7.012500000000000000e+01
1.587500000000000000e+01
2.087500000000000000e+01
4.987500000000000000e+01
