GVM207,15,30,190,33,383,50,523,29,712,28,886,22,1090,28
GVM208,12,44,186,49,374,61,673,72,828,40,1023,14
GVM198,-3,44,390,83,547,47,711,42,865,40,999,48,1122,40
GVM205,1,58,374,80,725,49,878,50
GVM206,15,42,369,71,717,38,845,40
GVM201,18,34,213,31,364,36,506,33,708,26,900,40,1070,29,1224,18
GVM199,7,29,191,28,351,27,509,29,699,27,960,54,1038,13,1164,15
GVM200,3,44,177,41,283,38,393,40,464,29,654,64,859,28,984,24,1084,22
GVM202,25,76,362,89,705,72,932,64,1082,33,1170,28
GVM203,2,34,199,33,347,27,489,30,693,30,877,40,970,24,1054,30,1175,52
GVM204,20,57,365,77,715,54,870,73,1079,47,1204,30
