GVM207,1126,33,1318,30,1500,29,1710,38,1872,38,2008,34,2186,32
GVM208,1145,116,1322,40,1500,33,1699,42,1867,42,2002,29,2182,31,2276,11
GVM198,1151,121,1328,44,1500,27,1718,50,1915,47,2038,29,2191,26
GVM205,952,38,1126,27,1309,38,1500,61,1656,39,1834,33,2017,24,2153,30
GVM206,1000,37,1179,23,1358,29,1500,37,1701,52,1887,32,2067,23,2189,19
GVM201,972,24,1164,25,1330,27,1500,28,1673,30,1834,36,2034,21,2210,34,2373,15
GVM199,867,25,988,25,1156,27,1324,29,1500,34,1670,21,1844,26,2017,16,2127,233
GVM200,930,59,1138,36,1318,43,1500,55,1653,40,1795,37,1968,24,2140,23
GVM202,765,40,945,34,1148,41,1313,43,1500,61,1668,42,1827,42,2025,50
GVM203,813,68,982,30,1160,32,1325,33,1500,35,1670,27,1842,35,2008,28,2175,23
GVM204,749,70,951,33,1129,33,1311,39,1500,53,1680,39,1848,36,2014,24,2161,36
