nan
nan
nan
-1.300000000000000000e+01
3.500000000000000000e+01
7.000000000000000000e+00
2.300000000000000000e+01
-3.500000000000000000e+01
-2.000000000000000000e+01
1.700000000000000000e+01
-1.400000000000000000e+01
-2.145454545454549589e+01
-2.454545454545495886e+00
3.545454545454504114e+00
-2.145454545454549589e+01
3.154545454545450411e+01
1.654545454545450411e+01
8.545454545454504114e+00
-9.454545454545495886e+00
5.454545454545041139e-01
1.254545454545450411e+01
-1.845454545454549589e+01
-5.272727272727252057e+00
-1.272727272727252057e+00
4.727272727272747943e+00
-1.427272727272725206e+01
3.472727272727274794e+01
6.727272727272747943e+00
7.272727272727479431e-01
-5.272727272727252057e+00
-1.027272727272725206e+01
1.727272727272747943e+00
-1.227272727272725206e+01
0.000000000000000000e+00
0.000000000000000000e+00
0.000000000000000000e+00
0.000000000000000000e+00
0.000000000000000000e+00
0.000000000000000000e+00
0.000000000000000000e+00
0.000000000000000000e+00
0.000000000000000000e+00
0.000000000000000000e+00
0.000000000000000000e+00
2.836363636363626028e+01
1.736363636363626028e+01
3.636363636363626028e+01
-2.563636363636373972e+01
1.936363636363626028e+01
-8.636363636363739715e+00
-1.163636363636373972e+01
-2.863636363636373972e+01
-1.363636363636373972e+01
-1.163636363636373972e+01
-1.636363636363739715e+00
2.063636363636373972e+01
1.563636363636373972e+01
6.363636363636373972e+01
-1.736363636363626028e+01
3.563636363636373972e+01
-1.736363636363626028e+01
-7.363636363636260285e+00
-5.636363636363626028e+01
-2.436363636363626028e+01
-9.363636363636260285e+00
-3.363636363636260285e+00
-1.000000000000000000e+01
-1.600000000000000000e+01
2.000000000000000000e+01
-1.000000000000000000e+00
4.900000000000000000e+01
1.600000000000000000e+01
-1.000000000000000000e+00
-5.000000000000000000e+01
7.000000000000000000e+00
-1.000000000000000000e+01
-4.000000000000000000e+00
5.199999999999818101e+00
9.519999999999981810e+01
1.019999999999981810e+01
-2.780000000000018190e+01
8.199999999999818101e+00
2.919999999999981810e+01
-5.380000000000018190e+01
-4.080000000000018190e+01
nan
-5.800000000000181899e+00
-1.980000000000018190e+01
nan
nan
nan
nan
nan
0.000000000000000000e+00
nan
nan
nan
nan
nan
