2.003357321359473531e+01
1.368084631045240940e+01
3.520875103830913133e+01
1.256676467572444267e+01
1.628925945944246223e+01
1.962119553697732499e+01
4.276586445787415869e+00
3.492847246242038750e+01
1.011546636496896667e+01
9.468397006261511706e+00
1.542273276217576949e+01
3.296476067705145852e+01
1.670519675926456671e+01
8.943765037283696984e+00
2.273853164267896432e+01
1.267730824220024033e+00
3.047593742611414314e+01
1.144640746281899624e+01
2.629023253653116399e+00
1.766823753386199769e+01
5.583204999035842775e+00
6.955058694619594917e+00
3.781772511731924169e+01
2.236983625570485401e+01
1.407603516603060712e+01
1.733424865284945326e+01
3.250813039005606697e-02
8.222146502153464098e+00
3.778020639860869778e+00
1.285761466016657550e+01
5.407533424524498145e+00
2.659078081846947939e+00
5.772794983406064340e+00
1.805471550924421820e+01
9.533465183160615197e+00
2.003357321359473531e+01
1.368084631045240940e+01
3.520875103830913133e+01
1.256676467572444267e+01
1.628925945944246223e+01
4.123776766173818942e-01
9.404259864664993529e+00
2.802785758887580414e-01
2.451298310755475995e+00
6.820862453180950524e+00
1.583511043879320823e+01
2.356050081238652183e+01
1.698547533515323948e+01
6.492466726528164145e+00
1.591766918949792853e+01
1.456737961457315578e+01
6.915436613727706572e+00
5.539067872334271669e+00
3.863443472875133011e+00
1.750568344363955475e+00
8.984174615537199315e+00
3.962208089183150150e-02
4.335679298965362705e+01
1.850639278282960731e+01
1.582660351039453417e+01
8.350074037311969732e+00
7.213021128222862899e-02
3.513464648749982189e+01
1.472837214296896491e+01
2.868421817056150758e+01
1.375760746183664196e+01
2.731208293129157028e+00
4.090744147090595106e+01
3.278308765221299836e+01
1.915075298740066501e+01
